% matrix size: 27x27, nnz: 637
A = spconvert([
1 1 0.03060414494226391 
1 2 -0.01005662543893181
1 3 -0.01005662546615082
1 4 -0.01752830708159742
1 5 -0.01005662541171399
1 6 -0.01752830728727769
1 7 -0.01752830718444077
1 8 -0.0147197355308435
1 9 0.01018518518518519
1 10 0.005092592592592593
1 11 0.005092592592592593
1 12 0.002546296296296297
1 13 0.01018518518518519
1 14 0.005092592592592593
1 15 0.005092592592592593
1 16 0.002546296296296297
1 19 0.01018518518518519
1 20 0.005092592592592593
1 21 0.005092592592592593
1 22 0.002546296296296297
2 1 -0.01005662543893181
2 2 0.08683116495315754
2 3 -0.01752830708159742
2 4 0.001041945420610563
2 5 -0.01752830728727769
2 6 0.001041941699618538
2 7 -0.0147197355308435
2 8 -0.0119674136952349
2 9 -0.01005662541171187
2 10 -0.01752830728727875
2 11 -0.01752830718444183
2 12 -0.0147197355308435
2 13 0.005092592592592593
2 14 0.02037037037037037
2 15 0.002546296296296297
2 16 0.01018518518518519
2 19 0.005092592592592593
2 20 0.02037037037037037
2 21 0.002546296296296297
2 22 0.01018518518518519
2 17 0.005092592592592593
2 18 0.002546296296296297
2 23 0.005092592592592593
2 24 0.002546296296296297
3 1 -0.01005662546615082
3 2 -0.01752830708159742
3 3 0.08683116164152156
3 4 0.001041950920743651
3 5 -0.01752830718444077
3 6 -0.0147197355308435
3 7 0.001041954639421945
3 8 -0.0119673751304914
3 9 0.005092592592592593
3 10 0.02037037037037037
3 11 0.002546296296296297
3 12 0.01018518518518519
3 13 -0.01005662543893189
3 14 -0.01752830728727684
3 15 -0.017528307081602
3 16 -0.0147197355308435
3 19 0.005092592592592593
3 20 0.002546296296296297
3 21 0.02037037037037037
3 22 0.01018518518518519
3 17 0.005092592592592593
3 18 0.002546296296296297
3 25 0.005092592592592593
3 26 0.002546296296296297
4 1 -0.01752830708159742
4 2 0.001041945420610563
4 3 0.001041950920743651
4 4 0.3641872235670462
4 5 -0.0147197355308435
4 6 -0.0119674136952349
4 7 -0.0119673751304914
4 8 0.2102349112169576
4 9 -0.01752830728727875
4 10 0.001041943488199505
4 11 -0.0147197355308435
4 12 -0.01196739441257624
4 13 -0.01752830728727684
4 14 0.00104193798798474
4 15 -0.0147197355308435
4 16 -0.01196743297787953
4 19 0.002546296296296297
4 20 0.01018518518518519
4 21 0.01018518518518519
4 22 0.04074074074074074
4 17 -0.01752830728728357
4 18 -0.0147197355308435
4 23 0.002546296296296297
4 24 0.01018518518518519
4 25 0.002546296296296297
4 26 0.01018518518518519
4 27 0.002546296296296297
5 1 -0.01005662541171399
5 2 -0.01752830728727769
5 3 -0.01752830718444077
5 4 -0.0147197355308435
5 5 0.08683116329760021
5 6 0.001041947208080879
5 7 0.001041949132202634
5 8 -0.01196739441390224
5 9 0.005092592592592593
5 10 0.002546296296296297
5 11 0.02037037037037037
5 12 0.01018518518518519
5 13 0.005092592592592593
5 14 0.002546296296296297
5 15 0.02037037037037037
5 16 0.01018518518518519
5 19 -0.01005662546615191
5 20 -0.01752830718443701
5 21 -0.01752830708160008
5 22 -0.0147197355308435
5 23 0.005092592592592593
5 24 0.002546296296296297
5 25 0.005092592592592593
5 26 0.002546296296296297
6 1 -0.01752830728727769
6 2 0.001041941699618538
6 3 -0.0147197355308435
6 4 -0.0119674136952349
6 5 0.001041947208080879
6 6 0.3641872844479283
6 7 -0.01196739441390224
6 8 0.2102350113034008
6 9 -0.01752830718444183
6 10 -0.0147197355308435
6 11 0.001041956428002912
6 12 -0.01196735584783274
6 13 0.002546296296296297
6 14 0.01018518518518519
6 15 0.01018518518518519
6 16 0.04074074074074074
6 19 -0.01752830718443701
6 20 0.001041939912036156
6 21 -0.0147197355308435
6 22 -0.01196743297865289
6 17 0.002546296296296297
6 18 0.01018518518518519
6 23 -0.01752830718444374
6 24 -0.0147197355308435
6 25 0.002546296296296297
6 26 0.01018518518518519
6 27 0.002546296296296297
7 1 -0.01752830718444077
7 2 -0.0147197355308435
7 3 0.001041954639421945
7 4 -0.0119673751304914
7 5 0.001041949132202634
7 6 -0.01196739441390224
7 7 0.364187528043141
7 8 0.2102354117572093
7 9 0.002546296296296297
7 10 0.01018518518518519
7 11 0.01018518518518519
7 12 0.04074074074074074
7 13 -0.017528307081602
7 14 -0.0147197355308435
7 15 0.001041958352183585
7 16 -0.01196735584821942
7 19 -0.01752830708160008
7 20 -0.0147197355308435
7 21 0.001041952851847444
7 22 -0.01196739441390939
7 17 0.002546296296296297
7 18 0.01018518518518519
7 25 -0.017528307081602
7 26 -0.0147197355308435
7 23 0.002546296296296297
7 24 0.01018518518518519
7 27 0.002546296296296297
8 1 -0.0147197355308435
8 2 -0.0119674136952349
8 3 -0.0119673751304914
8 4 0.2102349112169576
8 5 -0.01196739441390224
8 6 0.2102350113034008
8 7 0.2102354117572093
8 8 1.966832426839806
8 9 -0.0147197355308435
8 10 -0.01196739441257624
8 11 -0.01196735584783274
8 12 0.2102355118948215
8 13 -0.0147197355308435
8 14 -0.01196743297787953
8 15 -0.01196735584821942
8 16 0.2102351114361641
8 19 -0.0147197355308435
8 20 -0.01196743297865289
8 21 -0.01196739441390939
8 22 0.2102347109726576
8 17 -0.0147197355308435
8 18 -0.01196735584688396
8 23 -0.0147197355308435
8 24 -0.01196739441218725
8 25 -0.0147197355308435
8 26 -0.01196743297693076
8 27 -0.0147197355308435
9 1 0.01018518518518519
9 2 -0.01005662541171187
9 3 0.005092592592592593
9 4 -0.01752830728727875
9 5 0.005092592592592593
9 6 -0.01752830718444183
9 7 0.002546296296296297
9 8 -0.0147197355308435
9 9 0.03060414494226391
9 10 -0.01005662543893287
9 11 -0.01005662546615188
9 12 -0.0175283070815953
9 14 0.005092592592592593
9 17 0.01018518518518519
9 16 0.002546296296296297
9 18 0.005092592592592593
9 20 0.005092592592592593
9 23 0.01018518518518519
9 22 0.002546296296296297
9 24 0.005092592592592593
10 1 0.005092592592592593
10 2 -0.01752830728727875
10 3 0.02037037037037037
10 4 0.001041943488199505
10 5 0.002546296296296297
10 6 -0.0147197355308435
10 7 0.01018518518518519
10 8 -0.01196739441257624
10 9 -0.01005662543893287
10 10 0.08683116329735589
10 11 -0.0175283070815953
10 12 0.001041952852386847
10 14 -0.01752830728728357
10 17 -0.01005662543893189
10 16 -0.0147197355308435
10 18 -0.01752830708159527
10 20 0.002546296296296297
10 23 0.005092592592592593
10 22 0.01018518518518519
10 24 0.02037037037037037
10 13 0.005092592592592593
10 15 0.002546296296296297
10 26 0.002546296296296297
10 27 0.005092592592592593
11 1 0.005092592592592593
11 2 -0.01752830718444183
11 3 0.002546296296296297
11 4 -0.0147197355308435
11 5 0.02037037037037037
11 6 0.001041956428002912
11 7 0.01018518518518519
11 8 -0.01196735584783274
11 9 -0.01005662546615188
11 10 -0.0175283070815953
11 11 0.08683115998571991
11 12 0.001041958352519934
11 14 0.002546296296296297
11 17 0.005092592592592593
11 16 0.01018518518518519
11 18 0.02037037037037037
11 20 -0.01752830718444374
11 23 -0.01005662546615191
11 22 -0.0147197355308435
11 24 -0.01752830708159335
11 19 0.005092592592592593
11 21 0.002546296296296297
11 26 0.002546296296296297
11 27 0.005092592592592593
12 1 0.002546296296296297
12 2 -0.0147197355308435
12 3 0.01018518518518519
12 4 -0.01196739441257624
12 5 0.01018518518518519
12 6 -0.01196735584783274
12 7 0.04074074074074074
12 8 0.2102355118948215
12 9 -0.0175283070815953
12 10 0.001041952852386847
12 11 0.001041958352519934
12 12 0.364187588957059
12 14 -0.0147197355308435
12 17 -0.01752830708159527
12 16 -0.01196735584688396
12 18 0.001041958352645352
12 20 -0.0147197355308435
12 23 -0.01752830708159335
12 22 -0.01196739441218725
12 24 0.001041952852430588
12 13 0.002546296296296297
12 15 0.01018518518518519
12 26 -0.0147197355308435
12 27 -0.01752830708160008
12 19 0.002546296296296297
12 21 0.01018518518518519
12 25 0.002546296296296297
13 1 0.01018518518518519
13 2 0.005092592592592593
13 3 -0.01005662543893189
13 4 -0.01752830728727684
13 5 0.005092592592592593
13 6 0.002546296296296297
13 7 -0.017528307081602
13 8 -0.0147197355308435
13 13 0.03060414494226391
13 14 -0.01005662541171346
13 15 -0.01005662546615126
13 16 -0.01752830718443704
13 10 0.005092592592592593
13 17 0.01018518518518519
13 12 0.002546296296296297
13 18 0.005092592592592593
13 21 0.005092592592592593
13 22 0.002546296296296297
13 25 0.01018518518518519
13 26 0.005092592592592593
14 1 0.005092592592592593
14 2 0.02037037037037037
14 3 -0.01752830728727684
14 4 0.00104193798798474
14 5 0.002546296296296297
14 6 0.01018518518518519
14 7 -0.0147197355308435
14 8 -0.01196743297787953
14 13 -0.01005662541171346
14 14 0.08683116660905511
14 15 -0.01752830718443704
14 16 0.001041939912353788
14 9 0.005092592592592593
14 10 -0.01752830728728357
14 11 0.002546296296296297
14 12 -0.0147197355308435
14 17 -0.01005662541171184
14 18 -0.01752830718443704
14 21 0.002546296296296297
14 22 0.01018518518518519
14 25 0.005092592592592593
14 26 0.02037037037037037
14 24 0.002546296296296297
14 27 0.005092592592592593
15 1 0.005092592592592593
15 2 0.002546296296296297
15 3 -0.017528307081602
15 4 -0.0147197355308435
15 5 0.02037037037037037
15 6 0.01018518518518519
15 7 0.001041958352183585
15 8 -0.01196735584821942
15 13 -0.01005662546615126
15 14 -0.01752830718443704
15 15 0.0868311599857612
15 16 0.001041956428107999
15 10 0.002546296296296297
15 17 0.005092592592592593
15 12 0.01018518518518519
15 18 0.02037037037037037
15 21 -0.017528307081602
15 22 -0.0147197355308435
15 25 -0.01005662546615191
15 26 -0.01752830718443509
15 19 0.005092592592592593
15 20 0.002546296296296297
15 24 0.002546296296296297
15 27 0.005092592592592593
16 1 0.002546296296296297
16 2 0.01018518518518519
16 3 -0.0147197355308435
16 4 -0.01196743297787953
16 5 0.01018518518518519
16 6 0.04074074074074074
16 7 -0.01196735584821942
16 8 0.2102351114361641
16 13 -0.01752830718443704
16 14 0.001041939912353788
16 15 0.001041956428107999
16 16 0.3641873453588785
16 9 0.002546296296296297
16 10 -0.0147197355308435
16 11 0.01018518518518519
16 12 -0.01196735584688396
16 17 -0.01752830718443704
16 18 0.001041956428418639
16 21 -0.0147197355308435
16 22 -0.01196743297693076
16 25 -0.01752830718443509
16 26 0.001041939912619299
16 24 -0.0147197355308435
16 27 -0.01752830718443701
16 19 0.002546296296296297
16 20 0.01018518518518519
16 23 0.002546296296296297
17 2 0.005092592592592593
17 9 0.01018518518518519
17 4 -0.01752830728728357
17 10 -0.01005662543893189
17 6 0.002546296296296297
17 11 0.005092592592592593
17 8 -0.0147197355308435
17 12 -0.01752830708159527
17 14 -0.01005662541171184
17 17 0.03060414494226391
17 16 -0.01752830718443704
17 18 -0.01005662546615288
17 3 0.005092592592592593
17 13 0.01018518518518519
17 7 0.002546296296296297
17 15 0.005092592592592593
17 22 0.002546296296296297
17 24 0.005092592592592593
17 26 0.005092592592592593
17 27 0.01018518518518519
18 2 0.002546296296296297
18 9 0.005092592592592593
18 4 -0.0147197355308435
18 10 -0.01752830708159527
18 6 0.01018518518518519
18 11 0.02037037037037037
18 8 -0.01196735584688396
18 12 0.001041958352645352
18 14 -0.01752830718443704
18 17 -0.01005662546615288
18 16 0.001041956428418639
18 18 0.08683115998561451
18 3 0.002546296296296297
18 13 0.005092592592592593
18 7 0.01018518518518519
18 15 0.02037037037037037
18 22 -0.0147197355308435
18 24 -0.01752830708160008
18 26 -0.01752830718443701
18 27 -0.01005662546615191
18 20 0.002546296296296297
18 23 0.005092592592592593
18 21 0.002546296296296297
18 25 0.005092592592592593
19 1 0.01018518518518519
19 2 0.005092592592592593
19 3 0.005092592592592593
19 4 0.002546296296296297
19 5 -0.01005662546615191
19 6 -0.01752830718443701
19 7 -0.01752830708160008
19 8 -0.0147197355308435
19 19 0.03060414494226391
19 20 -0.01005662541171285
19 21 -0.01005662543893186
19 22 -0.01752830728727878
19 11 0.005092592592592593
19 12 0.002546296296296297
19 23 0.01018518518518519
19 24 0.005092592592592593
19 15 0.005092592592592593
19 16 0.002546296296296297
19 25 0.01018518518518519
19 26 0.005092592592592593
20 1 0.005092592592592593
20 2 0.02037037037037037
20 3 0.002546296296296297
20 4 0.01018518518518519
20 5 -0.01752830718443701
20 6 0.001041939912036156
20 7 -0.0147197355308435
20 8 -0.01196743297865289
20 19 -0.01005662541171285
20 20 0.0868311666091377
20 21 -0.01752830728727878
20 22 0.001041937987839848
20 9 0.005092592592592593
20 10 0.002546296296296297
20 11 -0.01752830718444374
20 12 -0.0147197355308435
20 23 -0.01005662541171123
20 24 -0.01752830728727878
20 15 0.002546296296296297
20 16 0.01018518518518519
20 25 0.005092592592592593
20 26 0.02037037037037037
20 18 0.002546296296296297
20 27 0.005092592592592593
21 1 0.005092592592592593
21 2 0.002546296296296297
21 3 0.02037037037037037
21 4 0.01018518518518519
21 5 -0.01752830708160008
21 6 -0.0147197355308435
21 7 0.001041952851847444
21 8 -0.01196739441390939
21 19 -0.01005662543893186
21 20 -0.01752830728727878
21 21 0.08683116329750172
21 22 0.001041943487965054
21 13 0.005092592592592593
21 14 0.002546296296296297
21 15 -0.017528307081602
21 16 -0.0147197355308435
21 25 -0.01005662543893124
21 26 -0.01752830728727878
21 11 0.002546296296296297
21 12 0.01018518518518519
21 23 0.005092592592592593
21 24 0.02037037037037037
21 18 0.002546296296296297
21 27 0.005092592592592593
22 1 0.002546296296296297
22 2 0.01018518518518519
22 3 0.01018518518518519
22 4 0.04074074074074074
22 5 -0.0147197355308435
22 6 -0.01196743297865289
22 7 -0.01196739441390939
22 8 0.2102347109726576
22 19 -0.01752830728727878
22 20 0.001041937987839848
22 21 0.001041943487965054
22 22 0.3641871017577302
22 9 0.002546296296296297
22 10 0.01018518518518519
22 11 -0.0147197355308435
22 12 -0.01196739441218725
22 23 -0.01752830728727878
22 24 0.00104194348838558
22 13 0.002546296296296297
22 14 0.01018518518518519
22 15 -0.0147197355308435
22 16 -0.01196743297693076
22 25 -0.01752830728727878
22 26 0.001041937988260375
22 17 0.002546296296296297
22 18 -0.0147197355308435
22 27 -0.01752830728727878
23 2 0.005092592592592593
23 9 0.01018518518518519
23 4 0.002546296296296297
23 10 0.005092592592592593
23 6 -0.01752830718444374
23 11 -0.01005662546615191
23 8 -0.0147197355308435
23 12 -0.01752830708159335
23 20 -0.01005662541171123
23 23 0.03060414494226391
23 22 -0.01752830728727878
23 24 -0.01005662543893348
23 5 0.005092592592592593
23 7 0.002546296296296297
23 19 0.01018518518518519
23 21 0.005092592592592593
23 16 0.002546296296296297
23 18 0.005092592592592593
23 26 0.005092592592592593
23 27 0.01018518518518519
24 2 0.002546296296296297
24 9 0.005092592592592593
24 4 0.01018518518518519
24 10 0.02037037037037037
24 6 -0.0147197355308435
24 11 -0.01752830708159335
24 8 -0.01196739441218725
24 12 0.001041952852430588
24 20 -0.01752830728727878
24 23 -0.01005662543893348
24 22 0.00104194348838558
24 24 0.08683116329731375
24 14 0.002546296296296297
24 17 0.005092592592592593
24 16 -0.0147197355308435
24 18 -0.01752830708160008
24 26 -0.01752830728727878
24 27 -0.01005662543893186
24 5 0.002546296296296297
24 7 0.01018518518518519
24 19 0.005092592592592593
24 21 0.02037037037037037
24 15 0.002546296296296297
24 25 0.005092592592592593
25 3 0.005092592592592593
25 4 0.002546296296296297
25 13 0.01018518518518519
25 14 0.005092592592592593
25 7 -0.017528307081602
25 8 -0.0147197355308435
25 15 -0.01005662546615191
25 16 -0.01752830718443509
25 21 -0.01005662543893124
25 22 -0.01752830728727878
25 25 0.03060414494226391
25 26 -0.01005662541171346
25 5 0.005092592592592593
25 6 0.002546296296296297
25 19 0.01018518518518519
25 20 0.005092592592592593
25 12 0.002546296296296297
25 18 0.005092592592592593
25 24 0.005092592592592593
25 27 0.01018518518518519
26 3 0.002546296296296297
26 4 0.01018518518518519
26 13 0.005092592592592593
26 14 0.02037037037037037
26 7 -0.0147197355308435
26 8 -0.01196743297693076
26 15 -0.01752830718443509
26 16 0.001041939912619299
26 21 -0.01752830728727878
26 22 0.001041937988260375
26 25 -0.01005662541171346
26 26 0.08683116660894973
26 10 0.002546296296296297
26 17 0.005092592592592593
26 12 -0.0147197355308435
26 18 -0.01752830718443701
26 24 -0.01752830728727878
26 27 -0.01005662541171285
26 5 0.002546296296296297
26 6 0.01018518518518519
26 19 0.005092592592592593
26 20 0.02037037037037037
26 11 0.002546296296296297
26 23 0.005092592592592593
27 4 0.002546296296296297
27 10 0.005092592592592593
27 14 0.005092592592592593
27 17 0.01018518518518519
27 8 -0.0147197355308435
27 12 -0.01752830708160008
27 16 -0.01752830718443701
27 18 -0.01005662546615191
27 22 -0.01752830728727878
27 24 -0.01005662543893186
27 26 -0.01005662541171285
27 27 0.03060414494226391
27 6 0.002546296296296297
27 11 0.005092592592592593
27 20 0.005092592592592593
27 23 0.01018518518518519
27 7 0.002546296296296297
27 15 0.005092592592592593
27 21 0.005092592592592593
27 25 0.01018518518518519
]);
