% vector size: 27, vector components: 1
b = [
 0.001884228299542661
 0.04894677756616905
 0.04894683136322921
 0.4924510485922232
 0.04894680447468149
 0.4924512358498747
 0.4924519861086549
 2.941642759750742
 0.001885503250306277
 0.04874126589657433
 0.04874131963121663
 0.4858841194602677
 0.001885503252449773
 0.04874121271722642
 0.04874131972540456
 0.4858833834647534
 0.001878536397234972
 0.0478392430982712
 0.00188550325459327
 0.04874121281083838
 0.0487412665454814
 0.4858826474597508
 0.001878536402153438
 0.0478391908238467
 0.001878536407072001
 0.04783913855020613
 0.001837941290503058
];
