% vector size: 27, vector components: 1
p = [
 1
 2
 4
 5
 10
 11
 13
 14
 3
 6
 12
 15
 7
 8
 16
 17
 9
 18
 19
 20
 22
 23
 21
 24
 25
 26
 27
];
